C:\downloads\data\MNI\bite-us\group1\02\pre\sweep_2c\2d\2c.2dus.00001sm.png	1	0.122571591958704	0.165615503867502	-0.00555814942305405	164.86931874045607	-0.0408304890414928	0.0234881769734075	-0.200644221855862	-60.794919764371159	-0.160581528742823	0.120448203638904	0.0467753872252562	-111.09545269274065	0	0	0	1
C:\downloads\data\MNI\bite-us\group1\02\pre\sweep_2c\2d\2c.2dus.00002sm.png	2	0.122719820963848	0.16551148268963	-0.00538234853132442	164.824508910182	-0.0405278595156183	0.023526388336327	-0.200701092975177	-61.113228064347624	-0.160544976594485	0.120583653487478	0.0465514257792677	-111.21025587215171	0	0	0	1
C:\downloads\data\MNI\bite-us\group1\02\pre\sweep_2c\2d\2c.2dus.00003sm.png	3	0.123139742467171	0.165201081702295	-0.00532491041089596	164.72271867569498	-0.0400195488817594	0.0233605306925498	-0.200822425801898	-61.648724791047414	-0.160350836906016	0.121040685510343	0.0460318613938568	-111.82174144566778	0	0	0	1
C:\downloads\data\MNI\bite-us\group1\02\pre\sweep_2c\2d\2c.2dus.00004sm.png	4	0.123487406672166	0.164936571485115	-0.00546921863081972	164.77409064741866	-0.0400722415071062	0.0233463794671569	-0.200813563688443	-62.093112964825785	-0.160070069713297	0.121403596697836	0.0460535983994961	-112.1013585013159	0	0	0	1
C:\downloads\data\MNI\bite-us\group1\02\pre\sweep_2c\2d\2c.2dus.00005sm.png	5	0.123774563868487	0.164705658421216	-0.00591657824342539	165.04814192604587	-0.0402294410493373	0.0230213743597152	-0.200819649240035	-62.309304950352939	-0.159808637989516	0.121778576709055	0.0459716893340357	-112.55399582012883	0	0	0	1
C:\downloads\data\MNI\bite-us\group1\02\pre\sweep_2c\2d\2c.2dus.00006sm.png	6	0.123764194063126	0.16471033659617	-0.00600264690036439	165.07283814677666	-0.0403471443042608	0.023002472424643	-0.200798200443779	-62.344842206158418	-0.15978699439703	0.12177582116081	0.0460541482165916	-112.53533792250433	0	0	0	1
C:\downloads\data\MNI\bite-us\group1\02\pre\sweep_2c\2d\2c.2dus.00007sm.png	7	0.123829875473019	0.164657594527675	-0.00609393139462185	165.13703841384904	-0.0403917949202647	0.0229482825624983	-0.20079542319476	-62.369992140772055	-0.159724814000506	0.121857343769061	0.0460542686775182	-112.64938057097554	0	0	0	1
C:\downloads\data\MNI\bite-us\group1\02\pre\sweep_2c\2d\2c.2dus.00008sm.png	8	0.124052557804286	0.164486036283119	-0.00619588200115648	165.28308699318796	-0.0402857779389511	0.0228211030275907	-0.200831210490678	-62.373581390334429	-0.159578727786971	0.122112654803392	0.0458843064489676	-113.03721122633533	0	0	0	1
C:\downloads\data\MNI\bite-us\group1\02\pre\sweep_2c\2d\2c.2dus.00009sm.png	9	0.123950223500003	0.164566314411225	-0.00611226355394957	165.2245489108866	-0.0401997518291806	0.0228215321398491	-0.200848398818128	-62.413231385752269	-0.159679909228469	0.122004365374996	0.045820241877005	-112.86584961585137	0	0	0	1
C:\downloads\data\MNI\bite-us\group1\02\pre\sweep_2c\2d\2c.2dus.00010sm.png	10	0.124498904353376	0.164151017493607	-0.00612534578983672	165.29202429046177	-0.0401148263866298	0.0229330771063004	-0.200852675055889	-63.414497439655435	-0.15927389893771	0.122541734804554	0.0457997456442147	-113.74883399220558	0	0	0	1
C:\downloads\data\MNI\bite-us\group1\02\pre\sweep_2c\2d\2c.2dus.00011sm.png	11	0.124813745247886	0.163917118809682	-0.0059784015958691	165.51278607298147	-0.0396634619101021	0.0228756821695978	-0.200948835688409	-63.736104182263603	-0.159140473012185	0.122865132015018	0.045395570147951	-114.07990533985846	0	0	0	1
C:\downloads\data\MNI\bite-us\group1\02\pre\sweep_2c\2d\2c.2dus.00012sm.png	12	0.125044455006639	0.163734872814824	-0.00614763295297849	165.83227864524011	-0.0398420931347164	0.0228871352246041	-0.200912191012282	-64.033651373162911	-0.15891457847151	0.123105766738133	0.0455349508723336	-114.51363797354757	0	0	0	1
C:\downloads\data\MNI\bite-us\group1\02\pre\sweep_2c\2d\2c.2dus.00013sm.png	13	0.125064799849812	0.163715696460511	-0.00624357122825631	165.93479586860906	-0.0400210189096022	0.0229152034589434	-0.200873427032436	-64.167121963884625	-0.1588535968998	0.123126047291159	0.0456926445917543	-114.6044299208915	0	0	0	1
C:\downloads\data\MNI\bite-us\group1\02\pre\sweep_2c\2d\2c.2dus.00014sm.png	14	0.125060425639417	0.163717017062895	-0.00629632801080743	166.02285914720474	-0.040186742162492	0.0229773759364353	-0.200833236105157	-64.330104469393589	-0.158815197815869	0.123112703884542	0.0458617615049476	-114.66854091458093	0	0	0	1
C:\downloads\data\MNI\bite-us\group1\02\pre\sweep_2c\2d\2c.2dus.00015sm.png	15	0.124963414255247	0.163795281948643	-0.00618655099291806	166.05664812590797	-0.040302966514746	0.0231676217010691	-0.200788088377514	-64.603844634666075	-0.158862101685151	0.122972867961759	0.046073894905271	-114.63219950850258	0	0	0	1
C:\downloads\data\MNI\bite-us\group1\02\pre\sweep_2c\2d\2c.2dus.00016sm.png	16	0.124971856094907	0.163789942204032	-0.0061573042852542	166.12626093456691	-0.0403274248673162	0.0232254191835871	-0.200776501081472	-64.778651360995866	-0.158849253545005	0.122969077719588	0.0461282761074666	-114.83424657461609	0	0	0	1
C:\downloads\data\MNI\bite-us\group1\02\pre\sweep_2c\2d\2c.2dus.00017sm.png	17	0.124955831171331	0.163797513426257	-0.00627991412112676	166.30795634774867	-0.0407586122060453	0.0234032309865578	-0.200668758590125	-65.097032534568584	-0.158751778419517	0.122925272883263	0.0465783817210893	-115.13516980462497	0	0	0	1
C:\downloads\data\MNI\bite-us\group1\02\pre\sweep_2c\2d\2c.2dus.00018sm.png	18	0.125048219910827	0.163733335647763	-0.00611189173262699	166.38337777456607	-0.040482551125131	0.0234285158139192	-0.200721682941754	-65.300757152778075	-0.158749668080205	0.123005929869554	0.0463722375533567	-115.28107458000891	0	0	0	1
C:\downloads\data\MNI\bite-us\group1\02\pre\sweep_2c\2d\2c.2dus.00019sm.png	19	0.125174225474861	0.163642349385644	-0.00596702137852171	166.43794910178772	-0.0400938215683311	0.0233498540000953	-0.200808852318519	-65.468193853593021	-0.158749016100434	0.123141890290756	0.0460123149343052	-115.65297611033954	0	0	0	1
C:\downloads\data\MNI\bite-us\group1\02\pre\sweep_2c\2d\2c.2dus.00020sm.png	20	0.125109416707837	0.163692347488313	-0.00595517829622452	166.47082373403171	-0.0402139239404709	0.0234344266279025	-0.200774983689489	-65.59461219622932	-0.158769724873401	0.123059344874928	0.0461614061221254	-115.56519982689103	0	0	0	1
C:\downloads\data\MNI\bite-us\group1\02\pre\sweep_2c\2d\2c.2dus.00021sm.png	21	0.125103561209788	0.16369273977987	-0.00606633047663804	166.60224524695707	-0.0405356106016646	0.0235453632372968	-0.200697302816076	-65.798766850556177	-0.158692515922521	0.123037645263729	0.0464836091125306	-115.66837396957071	0	0	0	1
C:\downloads\data\MNI\bite-us\group1\02\pre\sweep_2c\2d\2c.2dus.00022sm.png	22	0.125127064664113	0.163672052153389	-0.00613916722703461	166.65131419020929	-0.0406047886964868	0.0235181320299757	-0.20068651094545	-66.008340472585871	-0.158656295770124	0.123070370716833	0.0465206254206308	-115.62255402311614	0	0	0	1
C:\downloads\data\MNI\bite-us\group1\02\pre\sweep_2c\2d\2c.2dus.00023sm.png	23	0.125132591195461	0.163666826883403	-0.00616572550054477	166.66582441254872	-0.0406190388830896	0.023498601386234	-0.200685914692116	-66.118121477187671	-0.158648289196461	0.12308104992024	0.0465196852146171	-115.56596920368531	0	0	0	1
C:\downloads\data\MNI\bite-us\group1\02\pre\sweep_2c\2d\2c.2dus.00024sm.png	24	0.125071623683909	0.163714209778614	-0.00614511171464146	166.6381112398258	-0.040705389330286	0.0235688973859657	-0.200660175169847	-66.228311060080785	-0.1586742310288	0.123004568741301	0.0466333072175555	-115.49266431266804	0	0	0	1
C:\downloads\data\MNI\bite-us\group1\02\pre\sweep_2c\2d\2c.2dus.00025sm.png	25	0.124960787004603	0.163801238212477	-0.00608109930613321	166.57796046738568	-0.0408448060079689	0.0237153395460703	-0.200614588856598	-66.342806538137808	-0.158725722229896	0.122860475210433	0.0468373847300784	-115.40985362982428	0	0	0	1
C:\downloads\data\MNI\bite-us\group1\02\pre\sweep_2c\2d\2c.2dus.00026sm.png	26	0.12503422468145	0.16374592824229	-0.00606074936611992	166.6249215975707	-0.0407728403334608	0.0237110840239822	-0.200629730241776	-66.501592778608284	-0.158686387297371	0.122935002408339	0.0467751247936275	-115.40861592475601	0	0	0	1
C:\downloads\data\MNI\bite-us\group1\02\pre\sweep_2c\2d\2c.2dus.00027sm.png	27	0.125057064544276	0.163732582139908	-0.00594899646584133	166.64508330032115	-0.0406824126845223	0.0237862458590139	-0.200639190991966	-66.747066340200405	-0.158691597981038	0.122938258456806	0.0467488836055485	-115.39413427952019	0	0	0	1
C:\downloads\data\MNI\bite-us\group1\02\pre\sweep_2c\2d\2c.2dus.00028sm.png	28	0.125248880086788	0.163588908491984	-0.00586459890780208	166.64617373479811	-0.0405535458910682	0.0238590725278228	-0.200656632492642	-67.270667078631803	-0.158573261670141	0.123115283434563	0.0466846436806547	-115.73979684352547	0	0	0	1
C:\downloads\data\MNI\bite-us\group1\02\pre\sweep_2c\2d\2c.2dus.00029sm.png	29	0.125467269019083	0.163420807748058	-0.00588183512168721	166.68801989452902	-0.0406712454348168	0.0240085431863499	-0.200614980722859	-67.685704460417639	-0.158370343068752	0.12330932157668	0.0468611477067559	-115.94911489493292	0	0	0	1
C:\downloads\data\MNI\bite-us\group1\02\pre\sweep_2c\2d\2c.2dus.00030sm.png	30	0.125572203437931	0.163339902274961	-0.00588923390418869	166.71147834575132	-0.0407404228378714	0.0240915425237671	-0.200590994494809	-67.889255301039441	-0.158269362274493	0.123400296767436	0.0469627883630374	-116.03580450511484	0	0	0	1
C:\downloads\data\MNI\bite-us\group1\02\pre\sweep_2c\2d\2c.2dus.00031sm.png	31	0.125562042135125	0.163348811853364	-0.0058587686050612	166.68024419439828	-0.0407859367890614	0.0241607389128245	-0.200573423418198	-68.029207176988251	-0.158265701587982	0.123374971934911	0.0470415804152322	-115.93101463141984	0	0	0	1
C:\downloads\data\MNI\bite-us\group1\02\pre\sweep_2c\2d\2c.2dus.00032sm.png	32	0.125840932393113	0.163140225098447	-0.00568292113915189	166.79114258589865	-0.0401959147363048	0.0240176300302993	-0.200709671806367	-68.203272446343846	-0.158195131205053	0.123678533873972	0.046478658435164	-116.02971788996351	0	0	0	1
C:\downloads\data\MNI\bite-us\group1\02\pre\sweep_2c\2d\2c.2dus.00033sm.png	33	0.125750876334006	0.163209849271632	-0.00567777033732233	166.75274291358232	-0.0404090964371046	0.0241579076696755	-0.200650024101708	-68.390364566946062	-0.158212431213248	0.123559297247978	0.0467361144213628	-115.9268511205227	0	0	0	1
C:\downloads\data\MNI\bite-us\group1\02\pre\sweep_2c\2d\2c.2dus.00034sm.png	34	0.125776927557532	0.163183262663787	-0.00586165884020533	166.71243099476465	-0.0406814127250401	0.0241540422454423	-0.200595455774636	-68.574300609232154	-0.158121910300005	0.123595163207411	0.0469471800796751	-116.03893184543026	0	0	0	1
C:\downloads\data\MNI\bite-us\group1\02\pre\sweep_2c\2d\2c.2dus.00035sm.png	35	0.126092769476174	0.162940703011326	-0.00582168688586767	166.72494775558843	-0.0407240648471644	0.0243522790691648	-0.200562834575287	-69.379161639868073	-0.15785916315562	0.123875958704552	0.0470913048041257	-116.40883209942481	0	0	0	1
C:\downloads\data\MNI\bite-us\group1\02\pre\sweep_2c\2d\2c.2dus.00036sm.png	36	0.126166156064974	0.162879306241434	-0.0059479498312966	166.76704603552713	-0.040836031920351	0.0243117037416866	-0.200544989746286	-69.525319866185484	-0.157771578317608	0.123964640112192	0.0471514858694049	-116.43691857363125	0	0	0	1
C:\downloads\data\MNI\bite-us\group1\02\pre\sweep_2c\2d\2c.2dus.00037sm.png	37	0.126233415302923	0.162823518418356	-0.00604706173812563	166.80367410898813	-0.0409253761507317	0.0242846435624479	-0.200530054857133	-69.673384795602317	-0.157694609330571	0.124043207293152	0.0472023705184028	-116.46625231751736	0	0	0	1
C:\downloads\data\MNI\bite-us\group1\02\pre\sweep_2c\2d\2c.2dus.00038sm.png	38	0.126252433977421	0.162813121746372	-0.00592876030992526	166.79591302331329	-0.0408336695698889	0.024365261573528	-0.200538971852161	-69.836263659113513	-0.1577031569382	0.124041044635694	0.0471794892818025	-116.50567741255858	0	0	0	1
C:\downloads\data\MNI\bite-us\group1\02\pre\sweep_2c\2d\2c.2dus.00039sm.png	39	0.126434714593086	0.162671117611346	-0.00594122895500639	166.93253964839877	-0.0406939073790707	0.0243069707255494	-0.200574450660638	-69.870698885998962	-0.157593211186361	0.124238633314611	0.0470268559433198	-116.83808656083964	0	0	0	1
C:\downloads\data\MNI\bite-us\group1\02\pre\sweep_2c\2d\2c.2dus.00040sm.png	40	0.126573320077082	0.162561345101304	-0.005993489845928	167.06501635622524	-0.0406215553028208	0.0242363882115908	-0.200597655249281	-69.914838918679393	-0.157500588105203	0.124396004373016	0.0469211298583456	-117.10488755808872	0	0	0	1
C:\downloads\data\MNI\bite-us\group1\02\pre\sweep_2c\2d\2c.2dus.00041sm.png	41	0.126477736325868	0.162634848392493	-0.0060176933789403	167.06292974877846	-0.0407342592345827	0.024260317263654	-0.200571907267753	-70.091354912757936	-0.157548258329105	0.12429522289001	0.047027981251581	-116.97859831446816	0	0	0	1
C:\downloads\data\MNI\bite-us\group1\02\pre\sweep_2c\2d\2c.2dus.00042sm.png	42	0.126514075574984	0.162603958399	-0.00608792108514616	167.24975959039296	-0.0408174103826734	0.0242526965371126	-0.200555923856434	-70.093990526056189	-0.157497552536857	0.124337117395872	0.0470870710724257	-117.10383984339872	0	0	0	1
C:\downloads\data\MNI\bite-us\group1\02\pre\sweep_2c\2d\2c.2dus.00043sm.png	43	0.126903262334145	0.162297089089145	-0.00617347982427053	167.70841251823185	-0.0408277161139312	0.0242990596255513	-0.200548215013541	-70.709962862404041	-0.157181458734521	0.12472838455285	0.0471087597052618	-117.39875569810708	0	0	0	1
C:\downloads\data\MNI\bite-us\group1\02\pre\sweep_2c\2d\2c.2dus.00044sm.png	44	0.127386614118134	0.161916272621792	-0.00621560818486162	167.61534739109612	-0.040692634925664	0.0243186631643778	-0.200573291733348	-72.378411921939787	-0.156825098024406	0.125218539445334	0.0469963242963502	-118.40585113359484	0	0	0	1
C:\downloads\data\MNI\bite-us\group1\02\pre\sweep_2c\2d\2c.2dus.00045sm.png	45	0.127543911509481	0.161785577774911	-0.00638969766240916	167.74803465738825	-0.0407094854785186	0.024174738889628	-0.200587267678173	-72.624494247243533	-0.156692819851378	0.125415183141102	0.0469132545067388	-118.56385213122438	0	0	0	1
C:\downloads\data\MNI\bite-us\group1\02\pre\sweep_2c\2d\2c.2dus.00046sm.png	46	0.127511192208066	0.16181140075273	-0.00638900646180706	167.74959911612902	-0.040727270726533	0.024177679515975	-0.200583302981525	-72.939799447787578	-0.156714825861773	0.125381297402451	0.0469302972575189	-118.73767266916572	0	0	0	1
C:\downloads\data\MNI\bite-us\group1\02\pre\sweep_2c\2d\2c.2dus.00047sm.png	47	0.127664975268549	0.161691040749723	-0.0063643031436613	167.81974407545886	-0.0406878668805233	0.0242339078874515	-0.200584515356688	-73.351670495877713	-0.156599817823758	0.125525632396071	0.0469284719956283	-119.12340049209931	0	0	0	1
C:\downloads\data\MNI\bite-us\group1\02\pre\sweep_2c\2d\2c.2dus.00048sm.png	48	0.127746018045214	0.161627521951528	-0.00635111453920401	167.85647922299987	-0.0406665184931345	0.024263302060556	-0.200585291733896	-73.558620402000003	-0.156539261884295	0.125601734301665	0.0469269402727679	-119.32050555807406	0	0	0	1
C:\downloads\data\MNI\bite-us\group1\02\pre\sweep_2c\2d\2c.2dus.00049sm.png	49	0.127861999031271	0.161534271911258	-0.00638888264331745	167.93202960111785	-0.0406735310942998	0.0242652227639793	-0.200583637586476	-73.693963833705681	-0.156442719345096	0.125721268292099	0.0469288839668409	-119.66591304207155	0	0	0	1
C:\downloads\data\MNI\bite-us\group1\02\pre\sweep_2c\2d\2c.2dus.00050sm.png	50	0.127938263228899	0.16147464065127	-0.00636913831672893	167.97796193714188	-0.0406040170070528	0.0242622701428148	-0.200598077748334	-73.832032752111076	-0.156398420608727	0.125798418164618	0.0468698081925008	-119.85846474173695	0	0	0	1
C:\downloads\data\MNI\bite-us\group1\02\pre\sweep_2c\2d\2c.2dus.00051sm.png	51	0.127926340463383	0.161489847448141	-0.00622151272711856	167.95122514582502	-0.0403852883169763	0.0242654062452642	-0.20064184785669	-74.013014054947178	-0.156464792420665	0.125778291328783	0.046701983975688	-119.70438521163477	0	0	0	1
C:\downloads\data\MNI\bite-us\group1\02\pre\sweep_2c\2d\2c.2dus.00052sm.png	52	0.12794727941147	0.161474356676969	-0.0061928415945647	167.93936437087396	-0.0402314584383588	0.024185127222917	-0.20068243861453	-74.067192535249575	-0.156487299188037	0.125813636365975	0.0465310776141726	-119.93463034484409	0	0	0	1
C:\downloads\data\MNI\bite-us\group1\02\pre\sweep_2c\2d\2c.2dus.00053sm.png	53	0.127947112080019	0.161474681790856	-0.00618782359145072	167.93624511233909	-0.0402097195200433	0.0241738258272708	-0.200688156821106	-74.142080038616001	-0.156493023264754	0.125815391046065	0.0465070767751993	-119.90056938724631	0	0	0	1
C:\downloads\data\MNI\bite-us\group1\02\pre\sweep_2c\2d\2c.2dus.00054sm.png	54	0.127820102540247	0.161573287312884	-0.00623921353211545	168.04465550281429	-0.0405927226129328	0.0243705810298666	-0.200587235975882	-74.542507959420035	-0.15649793487938	0.125650733964568	0.046933640571373	-119.32408491253257	0	0	0	1
C:\downloads\data\MNI\bite-us\group1\02\pre\sweep_2c\2d\2c.2dus.00055sm.png	55	0.12782691549895	0.161566161555671	-0.00628393874806287	168.04334210132853	-0.0406356749241075	0.0243520700574038	-0.20058078693596	-74.896323776195914	-0.156481222392743	0.125663485001593	0.0469552304348272	-119.2696730677682	0	0	0	1
C:\downloads\data\MNI\bite-us\group1\02\pre\sweep_2c\2d\2c.2dus.00056sm.png	56	0.127840938571278	0.161557286815107	-0.00622653875490551	168.12675777710723	-0.040559568779999	0.0243674570936003	-0.200594321814756	-75.101443006617473	-0.156489511372602	0.125671911938955	0.0469050307540481	-119.39164647013637	0	0	0	1
C:\downloads\data\MNI\bite-us\group1\02\pre\sweep_2c\2d\2c.2dus.00057sm.png	57	0.127933663633107	0.161479993454168	-0.00632572225884845	168.32668336971849	-0.0409147067132107	0.0245643821401185	-0.20049816292977	-75.659079024200778	-0.156321194493976	0.125732900160521	0.0473012213258553	-119.69316511216282	0	0	0	1
C:\downloads\data\MNI\bite-us\group1\02\pre\sweep_2c\2d\2c.2dus.00058sm.png	58	0.128072156779456	0.161372471714012	-0.00626614732265871	168.34549310143169	-0.0406668424696244	0.0244908342248086	-0.200557576695893	-75.935010487983476	-0.156272460611106	0.125885200681188	0.0470566410491444	-120.06923054806221	0	0	0	1
C:\downloads\data\MNI\bite-us\group1\02\pre\sweep_2c\2d\2c.2dus.00059sm.png	59	0.128268027436393	0.161222472930415	-0.00611817010409302	168.34743652769339	-0.040411567951055	0.0245422965380266	-0.200602880408989	-76.684735372115398	-0.156178006381675	0.126067240952996	0.0468826834281105	-120.37673092949584	0	0	0	1
C:\downloads\data\MNI\bite-us\group1\02\pre\sweep_2c\2d\2c.2dus.00060sm.png	60	0.128285835669637	0.16120821050262	-0.00612051241268167	168.3868437832063	-0.0405611528422689	0.0246668122263676	-0.200557416133941	-76.980172302336555	-0.156124593228259	0.126061177924815	0.0470764888315769	-120.57001869759833	0	0	0	1
C:\downloads\data\MNI\bite-us\group1\02\pre\sweep_2c\2d\2c.2dus.00061sm.png	61	0.128309439027226	0.161193661257998	-0.00600784074195817	168.41361367879077	-0.0404857027794258	0.0247549626440315	-0.200561801556155	-77.266741300856779	-0.156124780515506	0.126062503280691	0.0470723193118325	-120.68186889596078	0	0	0	1
C:\downloads\data\MNI\bite-us\group1\02\pre\sweep_2c\2d\2c.2dus.00062sm.png	62	0.128350352288927	0.16116590851374	-0.0058769025790948	168.3915273731613	-0.0402223952883595	0.024720654093701	-0.200619002579429	-77.718930201091126	-0.156159205135707	0.126104712571657	0.0468445456732899	-120.68810653835459	0	0	0	1
C:\downloads\data\MNI\bite-us\group1\02\pre\sweep_2c\2d\2c.2dus.00063sm.png	63	0.128311503761541	0.161192973117373	-0.00598215688684481	168.44359896207277	-0.0404212380093612	0.0247356521542867	-0.200577185543289	-78.003139953263329	-0.156139786359156	0.126067173636691	0.0470099997632455	-120.7491913479415	0	0	0	1
C:\downloads\data\MNI\bite-us\group1\02\pre\sweep_2c\2d\2c.2dus.00064sm.png	64	0.128286970463497	0.16121016510712	-0.00604481739472183	168.47664928207237	-0.0405505262365855	0.0247528502124459	-0.200548966147269	-78.140580369259879	-0.15612642119537	0.12604181215436	0.0471222452685784	-120.79021193020829	0	0	0	1
C:\downloads\data\MNI\bite-us\group1\02\pre\sweep_2c\2d\2c.2dus.00065sm.png	65	0.12832815200749	0.161177857800953	-0.00603198537332291	168.56299706866179	-0.0405499774734381	0.0247838479229835	-0.200545249391799	-78.369315832373189	-0.156092716336434	0.126077033497325	0.0471397044757738	-120.82937044546978	0	0	0	1
C:\downloads\data\MNI\bite-us\group1\02\pre\sweep_2c\2d\2c.2dus.00066sm.png	66	0.128387401624427	0.161133214475537	-0.00596323346819559	168.66940617646853	-0.040460515972231	0.0248194120470154	-0.20055892021666	-78.650341723421306	-0.15606720704693	0.126127091923506	0.0470902644647235	-120.86652062525592	0	0	0	1
C:\downloads\data\MNI\bite-us\group1\02\pre\sweep_2c\2d\2c.2dus.00067sm.png	67	0.128300701925397	0.161204971778518	-0.00588992019677109	168.68369046933543	-0.0403987342653582	0.0248282312002891	-0.200570282599828	-78.861855796761319	-0.156154486068277	0.126033627845952	0.0470510809347353	-120.90048177710543	0	0	0	1
C:\downloads\data\MNI\bite-us\group1\02\pre\sweep_2c\2d\2c.2dus.00068sm.png	68	0.128242175733249	0.161248933018059	-0.00596100099894248	168.7475138149461	-0.0404884738096233	0.0247902443273531	-0.200556884975879	-78.938079639821609	-0.156179317503344	0.125984859111669	0.0470992143786783	-120.86795144596856	0	0	0	1
C:\downloads\data\MNI\bite-us\group1\02\pre\sweep_2c\2d\2c.2dus.00069sm.png	69	0.128259693318756	0.161231783383216	-0.00604721763027562	168.92787139285284	-0.0404557697760934	0.0246631517999386	-0.200579150001905	-79.075572690722936	-0.156173407229409	0.126031743259468	0.0469932908261554	-120.91347744318045	0	0	0	1
C:\downloads\data\MNI\bite-us\group1\02\pre\sweep_2c\2d\2c.2dus.00070sm.png	70	0.128423935021449	0.161101682090686	-0.00602792385108978	169.03507239408341	-0.0402800339703324	0.0246066419919912	-0.200621452472867	-79.440574680572269	-0.156083833695217	0.126209035081047	0.0468148542767017	-120.99546504518912	0	0	0	1
C:\downloads\data\MNI\bite-us\group1\02\pre\sweep_2c\2d\2c.2dus.00071sm.png	71	0.128507531115599	0.161035378588967	-0.0060175333545035	169.08737035841213	-0.040192074751469	0.0245796431259461	-0.200642401128806	-79.626239830499529	-0.156037697168941	0.126298880933954	0.0467263287753391	-121.03588993497566	0	0	0	1
C:\downloads\data\MNI\bite-us\group1\02\pre\sweep_2c\2d\2c.2dus.00072sm.png	72	0.128475737080664	0.16106291707869	-0.00595933792126366	169.01876774820298	-0.0402083697665095	0.0246534759735916	-0.200630078971508	-79.899209745714472	-0.156059678797376	0.126249365159521	0.04678665774185	-121.14135540168675	0	0	0	1
C:\downloads\data\MNI\bite-us\group1\02\pre\sweep_2c\2d\2c.2dus.00073sm.png	73	0.128629863851207	0.160938712922597	-0.00598917890638588	169.14146821127028	-0.0405912842949577	0.0249843289633814	-0.200512018254547	-80.488861754822281	-0.155833427508177	0.126342682129703	0.047286297283059	-121.41968743705753	0	0	0	1
C:\downloads\data\MNI\bite-us\group1\02\pre\sweep_2c\2d\2c.2dus.00074sm.png	74	0.128633384168494	0.160931513626399	-0.00610579491352279	169.12015933014393	-0.0406770772006595	0.0249099034779616	-0.200503890469451	-80.815068981550269	-0.155808148797849	0.126366546084375	0.0473058433421778	-121.55070068957295	0	0	0	1
C:\downloads\data\MNI\bite-us\group1\02\pre\sweep_2c\2d\2c.2dus.00075sm.png	75	0.128631207760943	0.160931023955876	-0.00616424762534537	169.1054092061124	-0.0407138931866344	0.0248660976648084	-0.200501854758508	-80.974435164445168	-0.155800329446342	0.126375796947426	0.0473068909233933	-121.61391324407475	0	0	0	1
C:\downloads\data\MNI\bite-us\group1\02\pre\sweep_2c\2d\2c.2dus.00076sm.png	76	0.128626372020374	0.16093680082105	-0.00611418836464064	169.10054188030858	-0.0406759438185144	0.0248958717074919	-0.200505862869283	-81.238023171542594	-0.155814233558394	0.126362577735932	0.0472963983291779	-121.58632094272505	0	0	0	1
C:\downloads\data\MNI\bite-us\group1\02\pre\sweep_2c\2d\2c.2dus.00077sm.png	77	0.128669797380437	0.16090545120465	-0.0060247430972695	169.12352698793737	-0.0405839194387672	0.0249491303603736	-0.200517890973643	-81.490255874565094	-0.155802375107395	0.126391993439255	0.0472568673244449	-121.68763973999677	0	0	0	1
C:\downloads\data\MNI\bite-us\group1\02\pre\sweep_2c\2d\2c.2dus.00078sm.png	78	0.128925937238216	0.160699923657519	-0.00603312113322057	169.22594808546597	-0.0405721777817748	0.0250261354466137	-0.200510672479529	-81.956258361449414	-0.155593548906541	0.126638013328285	0.0472864178218758	-122.09383222006716	0	0	0	1
C:\downloads\data\MNI\bite-us\group1\02\pre\sweep_2c\2d\2c.2dus.00079sm.png	79	0.128911909085553	0.160711606390725	-0.00602176053466029	169.18345827669032	-0.0407072368296015	0.0251448979766061	-0.200468438748732	-82.675581933784784	-0.155569894033702	0.126599656459717	0.0474665893543572	-122.2694962748776	0	0	0	1
C:\downloads\data\MNI\bite-us\group1\02\pre\sweep_2c\2d\2c.2dus.00080sm.png	80	0.128966788883231	0.160670197990455	-0.00595096929786934	169.07861105687093	-0.0406273433715044	0.0251890934865041	-0.200479098127595	-83.186110047587064	-0.155545291474099	0.126643422196717	0.0474304840539098	-122.38790434632729	0	0	0	1
C:\downloads\data\MNI\bite-us\group1\02\pre\sweep_2c\2d\2c.2dus.00081sm.png	81	0.12897634524522	0.160660548312383	-0.00600405978140456	169.06750066858078	-0.0406963187344666	0.0251826388507738	-0.20046591880779	-83.536572076018558	-0.155519334401511	0.126656947125436	0.0474794724266836	-122.33984630111755	0	0	0	1
C:\downloads\data\MNI\bite-us\group1\02\pre\sweep_2c\2d\2c.2dus.00082sm.png	82	0.128981107441172	0.160655686037925	-0.00603175666421283	169.06297882622295	-0.0407316074126276	0.0251786280927189	-0.200459255482052	-83.710275754288517	-0.155506146003535	0.126663911868029	0.0475040886908826	-122.31447504735576	0	0	0	1
C:\downloads\data\MNI\bite-us\group1\02\pre\sweep_2c\2d\2c.2dus.00083sm.png	83	0.12911433453214	0.160543634216485	-0.00616261521451523	169.13683762774588	-0.0408403958396384	0.0251548279236314	-0.200440107948752	-83.836384069187545	-0.155366991507285	0.126810628432145	0.0475680453501806	-122.50781373393265	0	0	0	1
C:\downloads\data\MNI\bite-us\group1\02\pre\sweep_2c\2d\2c.2dus.00084sm.png	84	0.129152543572765	0.160502780798726	-0.00642035753056323	169.21716953044503	-0.0411322905858093	0.0250859877889489	-0.200389041079547	-84.147597139492007	-0.155258193097466	0.126875962700539	0.0477487681896149	-122.25095402906426	0	0	0	1
C:\downloads\data\MNI\bite-us\group1\02\pre\sweep_2c\2d\2c.2dus.00085sm.png	85	0.129176777075205	0.160479024542089	-0.00652561470950369	169.14923225863785	-0.041242348516361	0.0250538188821848	-0.200370443403597	-84.42738544945928	-0.155208828090924	0.126912364173463	0.0478125025713483	-122.54650340970694	0	0	0	1
C:\downloads\data\MNI\bite-us\group1\02\pre\sweep_2c\2d\2c.2dus.00086sm.png	86	0.129190401327033	0.160465982043529	-0.00657633650406451	169.1137385875208	-0.041294482774613	0.025038352283318	-0.20036163872714	-84.566346275199095	-0.155183624333813	0.126931906392372	0.0478424410328992	-122.70682575783366	0	0	0	1
C:\downloads\data\MNI\bite-us\group1\02\pre\sweep_2c\2d\2c.2dus.00087sm.png	87	0.129271557957639	0.160400159230677	-0.00658688746006334	169.17880999207202	-0.0412203327455993	0.0249957221355974	-0.200382227960867	-84.68085718437375	-0.15513574647897	0.127023470793208	0.0477546779934069	-122.85482500822883	0	0	0	1
C:\downloads\data\MNI\bite-us\group1\02\pre\sweep_2c\2d\2c.2dus.00088sm.png	88	0.129399667155104	0.160296840383585	-0.006585922769128	169.28393142228555	-0.0412010106405568	0.0250304041318479	-0.200381873175562	-84.893239144411723	-0.155034042153282	0.127147006141299	0.0477562997222187	-123.06254019440182	0	0	0	1
C:\downloads\data\MNI\bite-us\group1\02\pre\sweep_2c\2d\2c.2dus.00089sm.png	89	0.129573170241058	0.160156633974868	-0.0065848143458146	169.40831936302646	-0.0413280333012602	0.0252031099588934	-0.200334065955969	-85.27582461057321	-0.154855218127037	0.127289493599824	0.0479566041000277	-123.37268446330619	0	0	0	1
C:\downloads\data\MNI\bite-us\group1\02\pre\sweep_2c\2d\2c.2dus.00090sm.png	90	0.129613489031774	0.160127770756499	-0.00649246780172485	169.45738514902382	-0.0410552459453069	0.025110012398189	-0.200401831519376	-85.471152167281957	-0.154894033472632	0.127344193619405	0.0476852956869223	-123.6238169087753	0	0	0	1
C:\downloads\data\MNI\bite-us\group1\02\pre\sweep_2c\2d\2c.2dus.00091sm.png	91	0.129942552812615	0.159861368109541	-0.00647808439817065	169.47430196194767	-0.0408866961285819	0.0251160176575874	-0.200435534862791	-86.945816056886173	-0.15466273763344	0.127677280601637	0.0475453933207344	-124.23675303321551	0	0	0	1
C:\downloads\data\MNI\bite-us\group1\02\pre\sweep_2c\2d\2c.2dus.00092sm.png	92	0.130001288982304	0.159811956598915	-0.00651833919781094	169.45341235486626	-0.0409340827721886	0.0251273246787584	-0.200424445770644	-87.169260999723861	-0.15460083148088	0.127736899215436	0.0475866202924575	-124.24669503689069	0	0	0	1
C:\downloads\data\MNI\bite-us\group1\02\pre\sweep_2c\2d\2c.2dus.00093sm.png	93	0.130066160270075	0.159759016466533	-0.00652162329720597	169.3717460551083	-0.04092276106035	0.0251389012454114	-0.200425306277662	-87.388990511894605	-0.154549257338355	0.127800828011711	0.0475825458787262	-124.27774306564083	0	0	0	1
C:\downloads\data\MNI\bite-us\group1\02\pre\sweep_2c\2d\2c.2dus.00094sm.png	94	0.130296182353212	0.159577371634746	-0.00637447421789915	169.02036641062051	-0.0408487977845562	0.0253514401219988	-0.200413627357466	-88.503145325368834	-0.154374971895626	0.127985648744484	0.0476516283782026	-124.62191220460099	0	0	0	1
C:\downloads\data\MNI\bite-us\group1\02\pre\sweep_2c\2d\2c.2dus.00095sm.png	95	0.130496832682312	0.159410612514818	-0.00644094861819986	168.98334981397869	-0.0408199420717085	0.0253217802872344	-0.200423255439717	-88.933982993890424	-0.154213035613684	0.128199155221067	0.0476021690584573	-124.86356286293719	0	0	0	1
C:\downloads\data\MNI\bite-us\group1\02\pre\sweep_2c\2d\2c.2dus.00096sm.png	96	0.130617780642088	0.159309561356839	-0.00648868584312582	169.01269831981693	-0.0408991691888969	0.0253746753808489	-0.200400413879676	-89.187772624245085	-0.154089599596579	0.128314258164351	0.0476917677603776	-124.89124688061837	0	0	0	1
C:\downloads\data\MNI\bite-us\group1\02\pre\sweep_2c\2d\2c.2dus.00097sm.png	97	0.130662248668204	0.159271392898518	-0.00652999660777511	169.07650009643962	-0.0410382047809935	0.0254558664763655	-0.200361691730405	-89.495418240694121	-0.15401491449	0.128345555453872	0.0478485660230139	-124.88101442953912	0	0	0	1
C:\downloads\data\MNI\bite-us\group1\02\pre\sweep_2c\2d\2c.2dus.00098sm.png	98	0.130902571591142	0.15907773689849	-0.00643549023681931	169.28962649113501	-0.040764661296839	0.0254404389908882	-0.20041948245088	-89.838810708643777	-0.153883431545506	0.128588557134238	0.0476187899758019	-125.07660476814885	0	0	0	1
C:\downloads\data\MNI\bite-us\group1\02\pre\sweep_2c\2d\2c.2dus.00099sm.png	99	0.131031264286053	0.15897378227839	-0.00638444757898666	169.40102983931601	-0.0406154836488533	0.0254301909252272	-0.20045106667711	-90.014266678747802	-0.153813333725035	0.128719078913226	0.0474925503247207	-125.18134061574727	0	0	0	1
C:\downloads\data\MNI\bite-us\group1\02\pre\sweep_2c\2d\2c.2dus.00100sm.png	100	0.1309751676488	0.159026383618733	-0.00622387671486594	169.37007323337713	-0.040474193415596	0.0254926891637457	-0.20047170649867	-90.251750167600107	-0.15389833166986	0.128641717382067	0.0474267001948845	-125.18236621819067	0	0	0	1
C:\downloads\data\MNI\bite-us\group1\02\pre\sweep_2c\2d\2c.2dus.00101sm.png	101	0.130995317499968	0.159008693976058	-0.00625158594674502	169.34249348311093	-0.0406111111290425	0.025580065040777	-0.200432885143341	-90.758184521914927	-0.15384510330195	0.128646239164609	0.0475868665231571	-125.25388365279063	0	0	0	1
C:\downloads\data\MNI\bite-us\group1\02\pre\sweep_2c\2d\2c.2dus.00102sm.png	102	0.131217288652774	0.158825839005014	-0.00624350401908615	169.44141049824452	-0.0405444382495573	0.0256210666913723	-0.200441146653743	-91.127240805099788	-0.153673429875443	0.128863777472993	0.0475531179306117	-125.56794392737265	0	0	0	1
C:\downloads\data\MNI\bite-us\group1\02\pre\sweep_2c\2d\2c.2dus.00103sm.png	103	0.13132990910296	0.158733258829366	-0.00622939065544179	169.49260646154772	-0.0404954276346145	0.0256417646823015	-0.200448407762984	-91.307078702473149	-0.153590125593211	0.12897368640171	0.0475243532998895	-125.73071285115719	0	0	0	1
C:\downloads\data\MNI\bite-us\group1\02\pre\sweep_2c\2d\2c.2dus.00104sm.png	104	0.131433066546847	0.158649537432747	-0.00618582369808231	169.5259036425841	-0.0403776600755891	0.025638158517118	-0.200472624499732	-91.54033228263043	-0.153532879048602	0.129077373845636	0.0474277982895233	-125.82590392915672	0	0	0	1
C:\downloads\data\MNI\bite-us\group1\02\pre\sweep_2c\2d\2c.2dus.00105sm.png	105	0.131503188213423	0.158597382788921	-0.0060306879107571	169.55225345460238	-0.040424040771949	0.0259006979439664	-0.20042953091175	-92.191178587703888	-0.153460613127321	0.129089052042299	0.047629482267237	-126.02453265672871	0	0	0	1
C:\downloads\data\MNI\bite-us\group1\02\pre\sweep_2c\2d\2c.2dus.00106sm.png	106	0.131557958251109	0.158554377360787	-0.00596635045652821	169.61763631008952	-0.0405109550742407	0.0260766940374036	-0.200389162038015	-92.799309330422602	-0.153390734739139	0.129106447501557	0.0478071128511052	-126.29396000638272	0	0	0	1
C:\downloads\data\MNI\bite-us\group1\02\pre\sweep_2c\2d\2c.2dus.00107sm.png	107	0.131587278050846	0.158531100585562	-0.00593809053201815	169.65213742400124	-0.040549102341547	0.0261560963615596	-0.200371099155593	-93.099306282130755	-0.153355501754924	0.129118968819127	0.0478862751029893	-126.42968885274398	0	0	0	1
C:\downloads\data\MNI\bite-us\group1\02\pre\sweep_2c\2d\2c.2dus.00108sm.png	108	0.131692232293587	0.158446916821814	-0.0058571743197972	169.73823168780061	-0.0404353860868941	0.0262040535301692	-0.200387813724194	-93.340481658511194	-0.153295423511519	0.129212543767658	0.0478262611862074	-126.76998892795568	0	0	0	1
C:\downloads\data\MNI\bite-us\group1\02\pre\sweep_2c\2d\2c.2dus.00109sm.png	109	0.131863075741013	0.158311089459355	-0.00568276929964716	169.96053797612208	-0.040268450277885	0.0263514003066768	-0.200402109533262	-93.829022793829481	-0.153192468915341	0.129348993017839	0.0477873860650654	-127.24029179294907	0	0	0	1
C:\downloads\data\MNI\bite-us\group1\02\pre\sweep_2c\2d\2c.2dus.00110sm.png	110	0.131789646714305	0.1583717753604	-0.00569564257291861	169.99861093204456	-0.040447537391052	0.0264571998000295	-0.20035210087688	-94.275115940380047	-0.153208475946857	0.129253072252059	0.0479950931776172	-127.40939847132783	0	0	0	1
C:\downloads\data\MNI\bite-us\group1\02\pre\sweep_2c\2d\2c.2dus.00111sm.png	111	0.131747325192261	0.158406580914422	-0.00570708134043895	170.0120787158308	-0.0405442800183568	0.0265075328303237	-0.200325893596957	-94.495916834125637	-0.15321930370067	0.129200097387392	0.048103006313332	-127.49122622898342	0	0	0	1
C:\downloads\data\MNI\bite-us\group1\02\pre\sweep_2c\2d\2c.2dus.00112sm.png	112	0.131854893046153	0.158319639721778	-0.00563430790212429	170.08594758371675	-0.0405475016944472	0.0266451052137697	-0.20030699265762	-94.815161273876541	-0.153125891508154	0.129278340742651	0.0481902158757418	-127.79590800949373	0	0	0	1
C:\downloads\data\MNI\bite-us\group1\02\pre\sweep_2c\2d\2c.2dus.00113sm.png	113	0.131939381788496	0.158260584077138	-0.00530568103259858	170.12633290553609	-0.0401784110117593	0.02678307453027	-0.200362960398905	-95.450076703599265	-0.153150403805802	0.129322131844974	0.0479944526814638	-128.19545998531689	0	0	0	1
C:\downloads\data\MNI\bite-us\group1\02\pre\sweep_2c\2d\2c.2dus.00114sm.png	114	0.131817714826119	0.158366246514277	-0.00517633188453723	170.03409396816437	-0.0400592680943344	0.026798109442498	-0.200384804992423	-95.695278386571601	-0.153286321835338	0.129189599557963	0.0479173158221115	-128.29117287323328	0	0	0	1
C:\downloads\data\MNI\bite-us\group1\02\pre\sweep_2c\2d\2c.2dus.00115sm.png	115	0.131754964197199	0.158420370287549	-0.00511788601869303	169.98677289616126	-0.0400094044862765	0.0268052553682257	-0.2003938111591	-95.809596395951374	-0.153353279476145	0.129121740622018	0.0478859199666973	-128.33648065589199	0	0	0	1
C:\downloads\data\MNI\bite-us\group1\02\pre\sweep_2c\2d\2c.2dus.00116sm.png	116	0.131769374073151	0.158408903949415	-0.00510170657205348	169.95301049988515	-0.0401141561024453	0.0269196358868971	-0.200357536818741	-96.029539771339032	-0.153313528106945	0.129112012190661	0.0480391888899657	-128.49677023973879	0	0	0	1
C:\downloads\data\MNI\bite-us\group1\02\pre\sweep_2c\2d\2c.2dus.00117sm.png	117	0.131740841327005	0.158429702914496	-0.00519205802856268	169.88752020564138	-0.0404149683431361	0.0270473344497167	-0.20027987522188	-96.528372786708331	-0.153259037007012	0.12905979339922	0.0483523293519819	-128.56583145012902	0	0	0	1
C:\downloads\data\MNI\bite-us\group1\02\pre\sweep_2c\2d\2c.2dus.00118sm.png	118	0.131719258435241	0.158451410537746	-0.00507614499041932	169.83240643507727	-0.0400510534229345	0.0268790034650251	-0.200375614101798	-96.769078037134989	-0.153373079257815	0.129068311409057	0.0479664431096331	-128.6218741034983	0	0	0	1
C:\downloads\data\MNI\bite-us\group1\02\pre\sweep_2c\2d\2c.2dus.00119sm.png	119	0.131762301980134	0.158413403732928	-0.00514448032084893	169.86638048539348	-0.0400919328028352	0.0268440041158625	-0.20037213010871	-96.828251300942711	-0.153325418848505	0.12912223781919	0.0479737161073937	-128.64263172942711	0	0	0	1
C:\downloads\data\MNI\bite-us\group1\02\pre\sweep_2c\2d\2c.2dus.00120sm.png	120	0.131681714381657	0.158478249052619	-0.00521076458780005	169.84573878720582	-0.0401036963942847	0.0267381899440021	-0.200383921352519	-96.889611175365189	-0.153391561036007	0.129064608295203	0.0479172790861952	-128.61522745467042	0	0	0	1
C:\downloads\data\MNI\bite-us\group1\02\pre\sweep_2c\2d\2c.2dus.00121sm.png	121	0.131551602780331	0.158588624606512	-0.00513952245290097	169.77311380567068	-0.0403453710948486	0.0269798572571493	-0.200303005512527	-97.61881417361792	-0.153439819477166	0.128878604843698	0.0482620444120527	-128.77956112482528	0	0	0	1
C:\downloads\data\MNI\bite-us\group1\02\pre\sweep_2c\2d\2c.2dus.00122sm.png	122	0.131549634933062	0.158591200641832	-0.00511035296973071	169.76232257938673	-0.0403672467615164	0.0270342977330325	-0.200291258789231	-97.814799004450833	-0.153435753010546	0.128864025871162	0.0483138653429457	-128.82667535063044	0	0	0	1
C:\downloads\data\MNI\bite-us\group1\02\pre\sweep_2c\2d\2c.2dus.00123sm.png	123	0.131574193373775	0.158570747382548	-0.00511264192466184	169.72441617204842	-0.0403347869636387	0.027013906135362	-0.20030054873494	-97.912545277386201	-0.153423231496012	0.128893468758156	0.0482750940781907	-128.96655462491498	0	0	0	1
C:\downloads\data\MNI\bite-us\group1\02\pre\sweep_2c\2d\2c.2dus.00124sm.png	124	0.131560301599684	0.158577769691065	-0.00525046321086492	169.74816705717348	-0.0404872852688863	0.0269623893252608	-0.200276720990832	-97.981136209694043	-0.153394974293803	0.128895616140892	0.0483590870928931	-129.02874784081234	0	0	0	1
C:\downloads\data\MNI\bite-us\group1\02\pre\sweep_2c\2d\2c.2dus.00125sm.png	125	0.131417359808571	0.158690621384022	-0.0054186794995187	169.66419488720052	-0.0409752207698916	0.027102605885339	-0.200158531068183	-98.2284147656366	-0.153387940164289	0.128727210711787	0.0488275945786294	-129.09183514251973	0	0	0	1
C:\downloads\data\MNI\bite-us\group1\02\pre\sweep_2c\2d\2c.2dus.00126sm.png	126	0.1314611553035	0.158654039626646	-0.00542726296324159	169.54982460232745	-0.0408295775207601	0.0269870731067814	-0.200203895486335	-98.522623990341373	-0.153389248677297	0.128796556374523	0.0486402990127605	-129.38619969382347	0	0	0	1
C:\downloads\data\MNI\bite-us\group1\02\pre\sweep_2c\2d\2c.2dus.00127sm.png	127	0.131483655069519	0.158635251609934	-0.00543126748819963	169.49272328156692	-0.0407549408062696	0.0269283368439778	-0.200227008995139	-98.669702696845121	-0.153389812613086	0.128831987332842	0.0485446170193826	-129.53399365954516	0	0	0	1
C:\downloads\data\MNI\bite-us\group1\02\pre\sweep_2c\2d\2c.2dus.00128sm.png	128	0.131459119867976	0.158650498417881	-0.00557790536615284	169.4443154951353	-0.0410868143372277	0.0270121817008913	-0.200147876656525	-98.805223792360522	-0.153322290796856	0.128795654935155	0.0488533323411695	-129.59195709582136	0	0	0	1
C:\downloads\data\MNI\bite-us\group1\02\pre\sweep_2c\2d\2c.2dus.00129sm.png	129	0.131462088082447	0.158645941884263	-0.00563717655436506	169.41148376033655	-0.041307263355604	0.0271238045800677	-0.200087399186097	-98.984921152403814	-0.153260499657003	0.128777807433645	0.0490936713504347	-129.62022362108243	0	0	0	1
C:\downloads\data\MNI\bite-us\group1\02\pre\sweep_2c\2d\2c.2dus.00130sm.png	130	0.131630000697539	0.158507915704779	-0.00560050695160009	169.40624884301732	-0.0413274117938605	0.0272550067807533	-0.200065411785157	-99.568697700994178	-0.153110872621205	0.128919993030435	0.0491873862727715	-129.97601617872127	0	0	0	1
C:\downloads\data\MNI\bite-us\group1\02\pre\sweep_2c\2d\2c.2dus.00131sm.png	131	0.131607799150231	0.158529498859516	-0.00551084903856216	169.3353675270948	-0.0413276627617279	0.027359388814468	-0.200051114662675	-99.855911539375597	-0.15312988884449	0.128871335733394	0.0492556159673362	-129.90622169253183	0	0	0	1
C:\downloads\data\MNI\bite-us\group1\02\pre\sweep_2c\2d\2c.2dus.00132sm.png	132	0.131634633369966	0.15851078943518	-0.00540704351473185	169.30663362290395	-0.0412784897270137	0.0274599349171992	-0.200047493127264	-100.1307346513063	-0.153120086688363	0.128872964370495	0.0492818223400177	-129.92373522029629	0	0	0	1
C:\downloads\data\MNI\bite-us\group1\02\pre\sweep_2c\2d\2c.2dus.00133sm.png	133	0.131948174390695	0.158250270917894	-0.00539379185383481	169.40696334572232	-0.041154427413904	0.0274995477785769	-0.200067612220224	-100.53624644700716	-0.152883431879445	0.129184310057555	0.049201536451232	-130.06190284869663	0	0	0	1
C:\downloads\data\MNI\bite-us\group1\02\pre\sweep_2c\2d\2c.2dus.00134sm.png	134	0.132120002590076	0.158108007040943	-0.00535850154913593	169.3892849453452	-0.0411788908098139	0.0276349467812971	-0.200043923880427	-101.17932410522718	-0.152728370747914	0.12932952936045	0.0493016086846685	-130.5785711320153	0	0	0	1
C:\downloads\data\MNI\bite-us\group1\02\pre\sweep_2c\2d\2c.2dus.00135sm.png	135	0.132198025985777	0.158039916631209	-0.00544162455604287	169.41913516237452	-0.041340947527558	0.027698997274233	-0.200001638063913	-101.41584562818207	-0.152617034917561	0.129399032607907	0.0494637961863931	-130.74228925566152	0	0	0	1
C:\downloads\data\MNI\bite-us\group1\02\pre\sweep_2c\2d\2c.2dus.00136sm.png	136	0.132145608181657	0.158089938336947	-0.00525919312997519	169.26435123428365	-0.041260232607153	0.0278399845991599	-0.199998733399649	-101.84046669265189	-0.152684258545352	0.12930764089101	0.049495264070251	-130.82745468731642	0	0	0	1
C:\downloads\data\MNI\bite-us\group1\02\pre\sweep_2c\2d\2c.2dus.00137sm.png	137	0.132273604123036	0.157984630422994	-0.00520493424522178	169.22482398574857	-0.0411673961969094	0.0278825005819455	-0.200011941787569	-102.18476942402455	-0.152598461678712	0.12942713027054	0.0494476029863437	-131.06125228544596	0	0	0	1
C:\downloads\data\MNI\bite-us\group1\02\pre\sweep_2c\2d\2c.2dus.00138sm.png	138	0.13220599504757	0.158052877048318	-0.00483851626459559	169.03825715714319	-0.0410288297659117	0.0282012114848407	-0.199995737420547	-103.33980297201185	-0.152694339664449	0.129274665214017	0.0495502513938636	-131.90976072105337	0	0	0	1
C:\downloads\data\MNI\bite-us\group1\02\pre\sweep_2c\2d\2c.2dus.00139sm.png	139	0.132332319519256	0.157947884293522	-0.00481278816234122	169.08697449864508	-0.0409837444992413	0.0282474998758307	-0.199998450075974	-103.60865644469334	-0.152596989686936	0.129392827995313	0.0495418073604391	-132.2850785373079	0	0	0	1
C:\downloads\data\MNI\bite-us\group1\02\pre\sweep_2c\2d\2c.2dus.00140sm.png	140	0.132332866444518	0.157946242793229	-0.00485143424465818	169.04838785954578	-0.041292916424934	0.0284609755026533	-0.199904574817693	-104.12914912188663	-0.152513143288509	0.129348044436704	0.049915510534838	-132.88431272317166	0	0	0	1
C:\downloads\data\MNI\bite-us\group1\02\pre\sweep_2c\2d\2c.2dus.00141sm.png	141	0.132082958328303	0.158151962341768	-0.00496032016037691	168.97777305645698	-0.0419254541182971	0.0287548855387084	-0.199730788139804	-104.49613279238753	-0.152557201666322	0.129031285755678	0.0505958608206768	-132.9149273739892	0	0	0	1
C:\downloads\data\MNI\bite-us\group1\02\pre\sweep_2c\2d\2c.2dus.00142sm.png	142	0.131980060900579	0.158236797998078	-0.00499418713962031	169.0162578841549	-0.0419579112342932	0.0286964691049865	-0.199732372593298	-104.66048853245381	-0.152637310555365	0.128940248793314	0.0505862735560992	-132.83756646779244	0	0	0	1
C:\downloads\data\MNI\bite-us\group1\02\pre\sweep_2c\2d\2c.2dus.00143sm.png	143	0.132005403354096	0.158216870221683	-0.00495546449049701	169.24068041792097	-0.0417439470046146	0.0285751879971991	-0.199794580336753	-105.0324123105558	-0.152674057186671	0.128991627429223	0.0503438444993083	-132.91414798395289	0	0	0	1
C:\downloads\data\MNI\bite-us\group1\02\pre\sweep_2c\2d\2c.2dus.00144sm.png	144	0.132072206452448	0.158161177473463	-0.00495286349574992	169.32715295213509	-0.0416058565353429	0.0284895450825376	-0.199835608180649	-105.11579260581553	-0.152653975869556	0.129078840635704	0.0501809972548243	-132.90412884444575	0	0	0	1
